2021-06-04 19:26:47,790 args = Namespace(add_layers=['0', '6', '12'], add_width=['0'], arch_learning_rate=0.01, arch_weight_decay=0, batch_size=192, cifar100=False, cutout=False, cutout_length=16, drop_path_prob=0.3, dropout_rate=['0.1', '0.4', '0.7'], epochs=25, grad_clip=5, init_channels=16, layers=5, learning_rate=0.04, learning_rate_min=0.0, momentum=0.9, note='try', report_freq=20, save='EXP/checkpoints/search-try-20210604-192647', seed=2, tmp_data_dir='data/', train_portion=0.5, weight_decay=0.0003, workers=2)
2021-06-04 19:26:52,497 param size = 2.217306MB
2021-06-04 19:26:52,505 Epoch: 0 lr: 3.968521e-02
2021-06-04 19:27:07,201 TRAIN Step: 000 Objs: 2.322175e+00 R1: 8.333333 R5: 43.750000
2021-06-04 19:27:36,097 TRAIN Step: 020 Objs: 1.823553e+00 R1: 28.645832 R5: 86.979164
2021-06-04 19:28:02,942 TRAIN Step: 040 Objs: 1.842795e+00 R1: 30.208332 R5: 82.812500
2021-06-04 19:28:29,690 TRAIN Step: 060 Objs: 1.557885e+00 R1: 40.625000 R5: 91.666664
2021-06-04 19:28:55,945 TRAIN Step: 080 Objs: 1.544361e+00 R1: 40.104164 R5: 92.708328
2021-06-04 19:29:22,585 TRAIN Step: 100 Objs: 1.383359e+00 R1: 48.958332 R5: 94.270828
2021-06-04 19:29:49,166 TRAIN Step: 120 Objs: 1.346109e+00 R1: 52.083332 R5: 94.270828
2021-06-04 19:30:05,194 Train_acc 38.731999
2021-06-04 19:30:05,194 Epoch time: 192s
2021-06-04 19:30:05,194 Epoch: 1 lr: 3.890659e-02
2021-06-04 19:30:08,766 TRAIN Step: 000 Objs: 1.313384e+00 R1: 55.208332 R5: 93.229164
2021-06-04 19:30:35,489 TRAIN Step: 020 Objs: 1.255653e+00 R1: 60.416664 R5: 93.229164
2021-06-04 19:31:01,858 TRAIN Step: 040 Objs: 1.240921e+00 R1: 56.249996 R5: 92.708328
2021-06-04 19:31:28,382 TRAIN Step: 060 Objs: 1.247389e+00 R1: 53.124996 R5: 95.833328
2021-06-04 19:31:55,093 TRAIN Step: 080 Objs: 1.100018e+00 R1: 62.499996 R5: 96.875000
2021-06-04 19:32:21,721 TRAIN Step: 100 Objs: 1.151858e+00 R1: 57.291664 R5: 95.833328
2021-06-04 19:32:47,991 TRAIN Step: 120 Objs: 1.136868e+00 R1: 59.895832 R5: 93.750000
2021-06-04 19:33:01,558 Train_acc 56.811998
2021-06-04 19:33:01,558 Epoch time: 176s
2021-06-04 19:33:01,559 Epoch: 2 lr: 3.783470e-02
2021-06-04 19:33:03,349 TRAIN Step: 000 Objs: 9.536595e-01 R1: 70.312500 R5: 95.833328
2021-06-04 19:33:30,513 TRAIN Step: 020 Objs: 9.663262e-01 R1: 66.666664 R5: 96.354164
2021-06-04 19:33:58,110 TRAIN Step: 040 Objs: 9.806926e-01 R1: 65.104164 R5: 97.916664
2021-06-04 19:34:24,771 TRAIN Step: 060 Objs: 8.574235e-01 R1: 68.750000 R5: 98.958328
2021-06-04 19:34:51,667 TRAIN Step: 080 Objs: 1.016847e+00 R1: 66.145828 R5: 96.354164
2021-06-04 19:35:18,406 TRAIN Step: 100 Objs: 9.772790e-01 R1: 62.499996 R5: 98.437500
2021-06-04 19:35:44,975 TRAIN Step: 120 Objs: 9.490600e-01 R1: 65.104164 R5: 96.354164
2021-06-04 19:35:58,707 Train_acc 64.331997
2021-06-04 19:35:58,708 Epoch time: 177s
2021-06-04 19:35:58,708 Epoch: 3 lr: 3.648637e-02
2021-06-04 19:36:00,550 TRAIN Step: 000 Objs: 9.451570e-01 R1: 68.750000 R5: 96.354164
2021-06-04 19:36:27,037 TRAIN Step: 020 Objs: 9.286737e-01 R1: 67.708328 R5: 97.395828
2021-06-04 19:36:53,504 TRAIN Step: 040 Objs: 8.519548e-01 R1: 68.229164 R5: 96.354164
2021-06-04 19:37:19,861 TRAIN Step: 060 Objs: 7.682387e-01 R1: 72.916664 R5: 96.875000
2021-06-04 19:37:46,272 TRAIN Step: 080 Objs: 7.778981e-01 R1: 71.875000 R5: 98.958328
2021-06-04 19:38:12,593 TRAIN Step: 100 Objs: 7.912310e-01 R1: 72.395828 R5: 98.958328
2021-06-04 19:38:39,391 TRAIN Step: 120 Objs: 8.301952e-01 R1: 68.229164 R5: 98.437500
2021-06-04 19:38:52,865 Train_acc 69.227997
2021-06-04 19:38:52,865 Epoch time: 174s
2021-06-04 19:38:52,865 Epoch: 4 lr: 3.488281e-02
2021-06-04 19:38:54,695 TRAIN Step: 000 Objs: 8.236403e-01 R1: 69.791664 R5: 98.437500
2021-06-04 19:39:21,112 TRAIN Step: 020 Objs: 7.315998e-01 R1: 73.437500 R5: 98.958328
2021-06-04 19:39:48,038 TRAIN Step: 040 Objs: 6.863720e-01 R1: 73.437500 R5: 98.958328
2021-06-04 19:40:14,851 TRAIN Step: 060 Objs: 8.609685e-01 R1: 70.312500 R5: 97.916664
2021-06-04 19:40:41,465 TRAIN Step: 080 Objs: 6.957625e-01 R1: 75.520828 R5: 97.395828
2021-06-04 19:41:08,467 TRAIN Step: 100 Objs: 8.094380e-01 R1: 73.437500 R5: 97.395828
2021-06-04 19:41:35,032 TRAIN Step: 120 Objs: 6.608399e-01 R1: 75.000000 R5: 99.479164
2021-06-04 19:41:48,153 Train_acc 72.807998
2021-06-04 19:41:48,153 Epoch time: 175s
2021-06-04 19:41:48,153 Epoch: 5 lr: 3.304925e-02
2021-06-04 19:41:56,481 REINFORCE [step 0]		Mean Reward 0.2328	Baseline 0.2328
2021-06-04 19:41:56,481 [0.198 0.198 0.182 0.198 0.188 0.365 0.312 0.208 0.24  0.24 ]
2021-06-04 19:41:56,482 tensor([[0.1000, 0.1001, 0.0998, 0.1002, 0.0999, 0.1000, 0.1001, 0.0999, 0.1000,
         0.1000],
        [0.1000, 0.1002, 0.1000, 0.0999, 0.1000, 0.0999, 0.1000, 0.1001, 0.0999,
         0.1000],
        [0.1000, 0.1000, 0.1001, 0.1000, 0.1000, 0.1000, 0.1000, 0.0999, 0.0999,
         0.1000],
        [0.1000, 0.1002, 0.0997, 0.1000, 0.1000, 0.1001, 0.1000, 0.0999, 0.1000,
         0.1000],
        [0.1000, 0.1001, 0.0998, 0.1002, 0.1001, 0.1000, 0.1000, 0.1000, 0.0999,
         0.1000],
        [0.1001, 0.1000, 0.1000, 0.1000, 0.1000, 0.1001, 0.0999, 0.1000, 0.1000,
         0.0998],
        [0.1000, 0.1000, 0.1000, 0.1001, 0.0998, 0.1000, 0.1000, 0.0999, 0.1001,
         0.1001],
        [0.1000, 0.1001, 0.1000, 0.1000, 0.0999, 0.1002, 0.0998, 0.1000, 0.1001,
         0.0998],
        [0.1000, 0.1000, 0.1001, 0.1001, 0.0999, 0.0998, 0.1001, 0.1001, 0.0999,
         0.1000],
        [0.1000, 0.1000, 0.1000, 0.1001, 0.0998, 0.1001, 0.1000, 0.1000, 0.1001,
         0.0998],
        [0.1001, 0.1000, 0.0998, 0.1000, 0.0999, 0.1002, 0.1001, 0.1000, 0.0999,
         0.0999],
        [0.1000, 0.1000, 0.0999, 0.1000, 0.1000, 0.1000, 0.1000, 0.0999, 0.1003,
         0.0999],
        [0.0999, 0.1000, 0.1000, 0.1000, 0.1001, 0.1001, 0.1001, 0.0999, 0.1001,
         0.0998],
        [0.1000, 0.1000, 0.0999, 0.1001, 0.1000, 0.1001, 0.0999, 0.1001, 0.1001,
         0.1000]], device='cuda:0', grad_fn=<SoftmaxBackward>)
2021-06-04 19:41:56,493 tensor([[0.1665, 0.1667, 0.1664, 0.1663, 0.1672, 0.1669],
        [0.1669, 0.1665, 0.1667, 0.1667, 0.1667, 0.1666],
        [0.1666, 0.1663, 0.1668, 0.1667, 0.1669, 0.1666],
        [0.1670, 0.1666, 0.1665, 0.1668, 0.1666, 0.1665],
        [0.1665, 0.1666, 0.1665, 0.1666, 0.1672, 0.1666],
        [0.1669, 0.1664, 0.1667, 0.1668, 0.1666, 0.1665],
        [0.1667, 0.1666, 0.1665, 0.1668, 0.1668, 0.1667],
        [0.1666, 0.1668, 0.1668, 0.1668, 0.1664, 0.1666],
        [0.1667, 0.1667, 0.1668, 0.1668, 0.1665, 0.1665],
        [0.1664, 0.1669, 0.1666, 0.1667, 0.1668, 0.1666],
        [0.1665, 0.1666, 0.1667, 0.1669, 0.1668, 0.1665],
        [0.1668, 0.1668, 0.1665, 0.1667, 0.1664, 0.1668],
        [0.1667, 0.1665, 0.1666, 0.1668, 0.1666, 0.1668],
        [0.1667, 0.1665, 0.1666, 0.1670, 0.1667, 0.1665]], device='cuda:0',
       grad_fn=<SoftmaxBackward>)
2021-06-04 19:41:57,884 TRAIN Step: 000 Objs: 6.712828e-01 R1: 77.083328 R5: 98.958328
2021-06-04 19:45:06,245 REINFORCE [step 20]		Mean Reward 0.2057	Baseline 0.2063
2021-06-04 19:45:06,246 [0.193 0.24  0.333 0.26  0.156 0.198 0.146 0.099 0.276 0.156]
2021-06-04 19:45:06,246 tensor([[0.1000, 0.0971, 0.1057, 0.1026, 0.0966, 0.0940, 0.0993, 0.1045, 0.1033,
         0.0967],
        [0.0919, 0.1010, 0.0959, 0.1064, 0.1024, 0.0942, 0.1006, 0.1016, 0.1048,
         0.1013],
        [0.1055, 0.0959, 0.0972, 0.1049, 0.1010, 0.0927, 0.1018, 0.1031, 0.1023,
         0.0956],
        [0.1001, 0.0953, 0.1001, 0.0956, 0.1010, 0.1076, 0.0942, 0.1025, 0.1036,
         0.0999],
        [0.0952, 0.0986, 0.1052, 0.0990, 0.1119, 0.0944, 0.0963, 0.1013, 0.0916,
         0.1066],
        [0.0954, 0.0925, 0.1039, 0.0958, 0.1005, 0.0986, 0.0990, 0.0981, 0.1124,
         0.1038],
        [0.0934, 0.1009, 0.0977, 0.0967, 0.0912, 0.1045, 0.0988, 0.1012, 0.1104,
         0.1051],
        [0.0992, 0.1060, 0.0928, 0.0948, 0.1040, 0.0956, 0.1047, 0.1020, 0.0998,
         0.1011],
        [0.1021, 0.0969, 0.0941, 0.0985, 0.1008, 0.1046, 0.0946, 0.1040, 0.1025,
         0.1019],
        [0.0988, 0.1032, 0.1020, 0.0862, 0.1032, 0.0924, 0.1046, 0.0981, 0.1080,
         0.1034],
        [0.0888, 0.1046, 0.0980, 0.0999, 0.1002, 0.0879, 0.0994, 0.1027, 0.1070,
         0.1115],
        [0.0975, 0.0984, 0.0939, 0.0991, 0.1090, 0.1040, 0.0910, 0.1003, 0.1068,
         0.1000],
        [0.1019, 0.0934, 0.1066, 0.1041, 0.0995, 0.1008, 0.0982, 0.0962, 0.0971,
         0.1022],
        [0.1161, 0.0983, 0.0988, 0.0983, 0.0932, 0.0913, 0.0968, 0.1026, 0.1006,
         0.1039]], device='cuda:0', grad_fn=<SoftmaxBackward>)
2021-06-04 19:45:06,256 tensor([[0.1468, 0.1393, 0.1729, 0.1663, 0.1911, 0.1836],
        [0.1815, 0.1777, 0.1620, 0.1594, 0.1600, 0.1594],
        [0.1561, 0.1452, 0.1719, 0.1594, 0.1822, 0.1852],
        [0.1552, 0.1704, 0.1603, 0.1618, 0.1825, 0.1699],
        [0.1724, 0.1745, 0.1576, 0.1682, 0.1717, 0.1557],
        [0.1665, 0.1614, 0.1674, 0.1684, 0.1621, 0.1742],
        [0.1571, 0.1739, 0.1683, 0.1664, 0.1747, 0.1596],
        [0.1779, 0.1562, 0.1604, 0.1780, 0.1586, 0.1688],
        [0.1665, 0.1594, 0.1692, 0.1625, 0.1652, 0.1771],
        [0.1654, 0.1621, 0.1711, 0.1535, 0.1680, 0.1799],
        [0.1693, 0.1734, 0.1645, 0.1555, 0.1736, 0.1636],
        [0.1683, 0.1591, 0.1700, 0.1847, 0.1582, 0.1597],
        [0.1580, 0.1718, 0.1642, 0.1841, 0.1512, 0.1707],
        [0.1762, 0.1613, 0.1677, 0.1641, 0.1758, 0.1549]], device='cuda:0',
       grad_fn=<SoftmaxBackward>)
2021-06-04 19:45:07,699 TRAIN Step: 020 Objs: 6.843390e-01 R1: 76.562500 R5: 98.437500
2021-06-04 19:48:15,079 REINFORCE [step 40]		Mean Reward 0.2052	Baseline 0.2045
2021-06-04 19:48:15,080 [0.26  0.12  0.214 0.307 0.151 0.177 0.177 0.297 0.224 0.125]
2021-06-04 19:48:15,081 tensor([[0.0872, 0.1011, 0.1083, 0.1039, 0.0997, 0.1011, 0.0910, 0.1078, 0.1068,
         0.0930],
        [0.0868, 0.1019, 0.0937, 0.0982, 0.1074, 0.0885, 0.0964, 0.1079, 0.1120,
         0.1072],
        [0.1037, 0.0926, 0.0969, 0.1035, 0.1155, 0.0878, 0.0970, 0.0986, 0.1073,
         0.0971],
        [0.0903, 0.0897, 0.1034, 0.0961, 0.1007, 0.1081, 0.0946, 0.1054, 0.1174,
         0.0944],
        [0.0989, 0.1039, 0.1080, 0.0892, 0.1189, 0.0955, 0.0968, 0.0937, 0.0916,
         0.1034],
        [0.0903, 0.0898, 0.1113, 0.0990, 0.0985, 0.0996, 0.0931, 0.0931, 0.1144,
         0.1109],
        [0.0893, 0.0981, 0.0923, 0.0984, 0.0997, 0.1018, 0.0952, 0.1040, 0.1140,
         0.1071],
        [0.0929, 0.1024, 0.1028, 0.0981, 0.0958, 0.0918, 0.1002, 0.0978, 0.1063,
         0.1119],
        [0.1004, 0.0924, 0.0884, 0.1042, 0.0982, 0.1049, 0.1003, 0.1047, 0.1101,
         0.0963],
        [0.0917, 0.0982, 0.0978, 0.0949, 0.1042, 0.0967, 0.1012, 0.0929, 0.1155,
         0.1069],
        [0.0825, 0.1109, 0.0988, 0.1015, 0.0915, 0.0893, 0.0914, 0.1006, 0.1163,
         0.1173],
        [0.1013, 0.1005, 0.0881, 0.1016, 0.1115, 0.0984, 0.0971, 0.1001, 0.1109,
         0.0905],
        [0.0974, 0.0876, 0.1137, 0.1082, 0.0961, 0.0992, 0.0941, 0.1025, 0.1008,
         0.1004],
        [0.1145, 0.0962, 0.0967, 0.0937, 0.0950, 0.0962, 0.1012, 0.1059, 0.0959,
         0.1047]], device='cuda:0', grad_fn=<SoftmaxBackward>)
2021-06-04 19:48:15,091 tensor([[0.1200, 0.1167, 0.2038, 0.1474, 0.2064, 0.2056],
        [0.2073, 0.1694, 0.1659, 0.1532, 0.1611, 0.1431],
        [0.1395, 0.1286, 0.1742, 0.1654, 0.1962, 0.1961],
        [0.1647, 0.1721, 0.1536, 0.1505, 0.1819, 0.1771],
        [0.1726, 0.1835, 0.1390, 0.1626, 0.1746, 0.1677],
        [0.1620, 0.1663, 0.1593, 0.1535, 0.1766, 0.1823],
        [0.1526, 0.1818, 0.1843, 0.1652, 0.1612, 0.1550],
        [0.1844, 0.1525, 0.1649, 0.1868, 0.1651, 0.1463],
        [0.1636, 0.1668, 0.1624, 0.1527, 0.1706, 0.1838],
        [0.1564, 0.1515, 0.1670, 0.1644, 0.1695, 0.1912],
        [0.1707, 0.1787, 0.1580, 0.1485, 0.1840, 0.1600],
        [0.1688, 0.1557, 0.1634, 0.1929, 0.1609, 0.1582],
        [0.1603, 0.1677, 0.1615, 0.1907, 0.1523, 0.1674],
        [0.1723, 0.1570, 0.1706, 0.1572, 0.1808, 0.1621]], device='cuda:0',
       grad_fn=<SoftmaxBackward>)
2021-06-04 19:48:16,555 TRAIN Step: 040 Objs: 6.753042e-01 R1: 78.645828 R5: 100.000000
2021-06-04 19:51:24,676 REINFORCE [step 60]		Mean Reward 0.2182	Baseline 0.2188
2021-06-04 19:51:24,676 [0.276 0.25  0.297 0.271 0.172 0.125 0.234 0.115 0.25  0.193]
2021-06-04 19:51:24,677 tensor([[0.0833, 0.1029, 0.1193, 0.1114, 0.0967, 0.0966, 0.0896, 0.0986, 0.1117,
         0.0899],
        [0.0832, 0.1067, 0.0905, 0.0911, 0.1083, 0.0821, 0.0944, 0.1125, 0.1236,
         0.1077],
        [0.1002, 0.0885, 0.0949, 0.1103, 0.1152, 0.0893, 0.1023, 0.0929, 0.1047,
         0.1017],
        [0.0837, 0.0897, 0.0890, 0.0926, 0.0989, 0.1087, 0.0930, 0.1133, 0.1325,
         0.0985],
        [0.0978, 0.1051, 0.1054, 0.0883, 0.1170, 0.1009, 0.0962, 0.0887, 0.0942,
         0.1064],
        [0.0837, 0.0887, 0.1174, 0.1077, 0.0976, 0.0946, 0.0900, 0.0873, 0.1133,
         0.1198],
        [0.0821, 0.0943, 0.0894, 0.0950, 0.1020, 0.1041, 0.0970, 0.1032, 0.1251,
         0.1077],
        [0.0898, 0.1055, 0.1039, 0.1009, 0.1004, 0.0864, 0.0955, 0.0931, 0.1104,
         0.1142],
        [0.0982, 0.0926, 0.0865, 0.1022, 0.1048, 0.1099, 0.0978, 0.0981, 0.1109,
         0.0990],
        [0.0944, 0.0952, 0.1052, 0.0919, 0.1020, 0.0996, 0.0948, 0.0946, 0.1222,
         0.1002],
        [0.0779, 0.1158, 0.0975, 0.1010, 0.0835, 0.0833, 0.0864, 0.1007, 0.1233,
         0.1306],
        [0.0992, 0.1002, 0.0874, 0.1033, 0.1186, 0.0951, 0.0989, 0.1020, 0.1066,
         0.0888],
        [0.1020, 0.0896, 0.1134, 0.0983, 0.0905, 0.1073, 0.0901, 0.1043, 0.1082,
         0.0964],
        [0.1144, 0.0911, 0.0911, 0.0916, 0.0955, 0.0908, 0.1001, 0.1184, 0.0990,
         0.1080]], device='cuda:0', grad_fn=<SoftmaxBackward>)
2021-06-04 19:51:24,687 tensor([[0.1017, 0.0971, 0.2023, 0.1452, 0.2264, 0.2273],
        [0.2262, 0.1664, 0.1691, 0.1406, 0.1650, 0.1327],
        [0.1226, 0.1165, 0.1829, 0.1560, 0.2149, 0.2071],
        [0.1811, 0.1624, 0.1588, 0.1367, 0.1851, 0.1759],
        [0.1683, 0.1897, 0.1386, 0.1661, 0.1719, 0.1655],
        [0.1536, 0.1512, 0.1760, 0.1525, 0.1773, 0.1893],
        [0.1555, 0.1876, 0.1837, 0.1569, 0.1599, 0.1564],
        [0.1894, 0.1500, 0.1644, 0.1840, 0.1646, 0.1476],
        [0.1507, 0.1692, 0.1628, 0.1569, 0.1715, 0.1888],
        [0.1457, 0.1398, 0.1786, 0.1704, 0.1748, 0.1906],
        [0.1860, 0.1806, 0.1385, 0.1516, 0.1939, 0.1494],
        [0.1671, 0.1569, 0.1732, 0.1880, 0.1565, 0.1583],
        [0.1715, 0.1592, 0.1651, 0.1985, 0.1427, 0.1629],
        [0.1755, 0.1441, 0.1703, 0.1623, 0.1880, 0.1599]], device='cuda:0',
       grad_fn=<SoftmaxBackward>)
2021-06-04 19:51:26,156 TRAIN Step: 060 Objs: 7.210724e-01 R1: 75.000000 R5: 100.000000
2021-06-04 19:54:34,312 REINFORCE [step 80]		Mean Reward 0.2146	Baseline 0.2157
2021-06-04 19:54:34,313 [0.208 0.297 0.141 0.161 0.234 0.141 0.193 0.286 0.229 0.255]
2021-06-04 19:54:34,314 tensor([[0.0820, 0.1022, 0.1212, 0.1162, 0.0977, 0.0942, 0.0911, 0.0987, 0.1109,
         0.0860],
        [0.0845, 0.1022, 0.0863, 0.0943, 0.1102, 0.0806, 0.0871, 0.1091, 0.1281,
         0.1175],
        [0.0904, 0.0877, 0.0993, 0.1174, 0.1128, 0.0872, 0.0978, 0.0914, 0.1099,
         0.1061],
        [0.0790, 0.0874, 0.0844, 0.0899, 0.0951, 0.1105, 0.0914, 0.1087, 0.1439,
         0.1098],
        [0.1053, 0.1026, 0.1017, 0.0857, 0.1126, 0.1037, 0.1020, 0.0941, 0.0877,
         0.1047],
        [0.0842, 0.0866, 0.1215, 0.1177, 0.0902, 0.0912, 0.0835, 0.0916, 0.1103,
         0.1232],
        [0.0718, 0.0881, 0.0873, 0.0999, 0.0986, 0.0965, 0.0925, 0.1067, 0.1375,
         0.1211],
        [0.0923, 0.0972, 0.1059, 0.1050, 0.0996, 0.0897, 0.0993, 0.0948, 0.1078,
         0.1084],
        [0.1022, 0.0883, 0.0865, 0.1037, 0.1042, 0.1042, 0.1007, 0.0977, 0.1192,
         0.0933],
        [0.0870, 0.0868, 0.1111, 0.0862, 0.0966, 0.1010, 0.0975, 0.1007, 0.1260,
         0.1071],
        [0.0741, 0.1127, 0.0976, 0.0995, 0.0818, 0.0781, 0.0918, 0.1048, 0.1324,
         0.1273],
        [0.0969, 0.1024, 0.1000, 0.1062, 0.1116, 0.0905, 0.0985, 0.1009, 0.1069,
         0.0862],
        [0.0980, 0.0910, 0.1141, 0.1098, 0.0843, 0.1092, 0.0910, 0.1035, 0.1097,
         0.0895],
        [0.1133, 0.0881, 0.0991, 0.0917, 0.0914, 0.0900, 0.1005, 0.1113, 0.1005,
         0.1140]], device='cuda:0', grad_fn=<SoftmaxBackward>)
2021-06-04 19:54:34,324 tensor([[0.0807, 0.0828, 0.2118, 0.1390, 0.2424, 0.2433],
        [0.2367, 0.1780, 0.1635, 0.1308, 0.1627, 0.1283],
        [0.1184, 0.0995, 0.2071, 0.1340, 0.2268, 0.2143],
        [0.1831, 0.1573, 0.1678, 0.1363, 0.1938, 0.1616],
        [0.1696, 0.1896, 0.1410, 0.1666, 0.1701, 0.1630],
        [0.1438, 0.1479, 0.1756, 0.1514, 0.1902, 0.1912],
        [0.1542, 0.1979, 0.1847, 0.1623, 0.1534, 0.1475],
        [0.1831, 0.1378, 0.1668, 0.1948, 0.1588, 0.1586],
        [0.1465, 0.1659, 0.1647, 0.1555, 0.1811, 0.1864],
        [0.1356, 0.1403, 0.1738, 0.1667, 0.1759, 0.2076],
        [0.1731, 0.1901, 0.1286, 0.1653, 0.1953, 0.1477],
        [0.1725, 0.1582, 0.1716, 0.1918, 0.1477, 0.1582],
        [0.1839, 0.1578, 0.1684, 0.2004, 0.1266, 0.1628],
        [0.1762, 0.1402, 0.1658, 0.1502, 0.2050, 0.1625]], device='cuda:0',
       grad_fn=<SoftmaxBackward>)
2021-06-04 19:54:35,788 TRAIN Step: 080 Objs: 7.716954e-01 R1: 71.354164 R5: 98.958328
2021-06-04 19:57:48,687 REINFORCE [step 100]		Mean Reward 0.1885	Baseline 0.1899
2021-06-04 19:57:48,688 [0.229 0.167 0.13  0.214 0.24  0.167 0.13  0.167 0.271 0.172]
2021-06-04 19:57:48,689 tensor([[0.0795, 0.0982, 0.1172, 0.1219, 0.0974, 0.0973, 0.0877, 0.0993, 0.1163,
         0.0852],
        [0.0854, 0.0998, 0.0852, 0.0953, 0.1025, 0.0815, 0.0812, 0.1197, 0.1283,
         0.1211],
        [0.0892, 0.0912, 0.0964, 0.1137, 0.1123, 0.0812, 0.0956, 0.0911, 0.1263,
         0.1029],
        [0.0742, 0.0825, 0.0836, 0.0850, 0.0937, 0.1180, 0.0932, 0.1064, 0.1543,
         0.1089],
        [0.1149, 0.0954, 0.1046, 0.0872, 0.1062, 0.0998, 0.0952, 0.1005, 0.0900,
         0.1064],
        [0.0807, 0.0828, 0.1152, 0.1142, 0.0887, 0.0970, 0.0856, 0.0961, 0.1164,
         0.1232],
        [0.0702, 0.0892, 0.0858, 0.0916, 0.0903, 0.0944, 0.0955, 0.1077, 0.1484,
         0.1269],
        [0.0868, 0.1007, 0.1082, 0.1068, 0.0944, 0.0890, 0.1036, 0.0912, 0.1142,
         0.1050],
        [0.0974, 0.0934, 0.0850, 0.1046, 0.1050, 0.1017, 0.0956, 0.1011, 0.1192,
         0.0969],
        [0.0808, 0.0886, 0.1153, 0.0803, 0.0966, 0.1045, 0.0913, 0.0993, 0.1289,
         0.1143],
        [0.0677, 0.1190, 0.0928, 0.0948, 0.0785, 0.0773, 0.0857, 0.1076, 0.1396,
         0.1370],
        [0.1010, 0.0972, 0.1025, 0.1040, 0.1109, 0.0890, 0.0952, 0.1087, 0.1018,
         0.0898],
        [0.0988, 0.0965, 0.1073, 0.1155, 0.0796, 0.1106, 0.0897, 0.1028, 0.1118,
         0.0873],
        [0.1154, 0.0860, 0.0967, 0.0927, 0.0844, 0.0938, 0.1006, 0.1224, 0.0996,
         0.1086]], device='cuda:0', grad_fn=<SoftmaxBackward>)
2021-06-04 19:57:48,699 tensor([[0.0656, 0.0661, 0.2194, 0.1378, 0.2520, 0.2590],
        [0.2569, 0.1789, 0.1587, 0.1252, 0.1698, 0.1106],
        [0.1089, 0.0930, 0.2112, 0.1263, 0.2345, 0.2261],
        [0.1958, 0.1509, 0.1712, 0.1303, 0.1890, 0.1629],
        [0.1635, 0.2084, 0.1415, 0.1755, 0.1619, 0.1493],
        [0.1316, 0.1456, 0.1799, 0.1524, 0.1963, 0.1941],
        [0.1604, 0.1903, 0.1918, 0.1568, 0.1525, 0.1483],
        [0.1801, 0.1221, 0.1832, 0.1878, 0.1617, 0.1650],
        [0.1480, 0.1516, 0.1709, 0.1522, 0.1882, 0.1891],
        [0.1302, 0.1334, 0.1736, 0.1707, 0.1781, 0.2140],
        [0.1738, 0.1832, 0.1231, 0.1802, 0.1928, 0.1470],
        [0.1736, 0.1624, 0.1669, 0.1831, 0.1509, 0.1630],
        [0.1875, 0.1551, 0.1728, 0.1958, 0.1221, 0.1667],
        [0.1911, 0.1361, 0.1496, 0.1471, 0.2135, 0.1627]], device='cuda:0',
       grad_fn=<SoftmaxBackward>)
2021-06-04 19:57:50,486 TRAIN Step: 100 Objs: 8.425636e-01 R1: 66.666664 R5: 96.875000
2021-06-04 20:01:06,356 REINFORCE [step 120]		Mean Reward 0.2401	Baseline 0.2385
2021-06-04 20:01:06,358 [0.24  0.214 0.286 0.312 0.188 0.167 0.292 0.141 0.286 0.276]
2021-06-04 20:01:06,359 tensor([[0.0757, 0.0876, 0.1202, 0.1235, 0.0973, 0.1000, 0.0843, 0.1028, 0.1203,
         0.0883],
        [0.0877, 0.0950, 0.0835, 0.0962, 0.1027, 0.0760, 0.0768, 0.1211, 0.1379,
         0.1231],
        [0.0917, 0.0871, 0.0999, 0.1207, 0.1119, 0.0818, 0.0934, 0.0823, 0.1363,
         0.0951],
        [0.0701, 0.0811, 0.0825, 0.0867, 0.0904, 0.1194, 0.0903, 0.1090, 0.1586,
         0.1120],
        [0.1219, 0.0886, 0.1072, 0.0923, 0.1038, 0.0968, 0.0970, 0.0970, 0.0924,
         0.1031],
        [0.0820, 0.0776, 0.1163, 0.1154, 0.0856, 0.0933, 0.0733, 0.1034, 0.1243,
         0.1286],
        [0.0672, 0.0901, 0.0895, 0.0817, 0.0951, 0.0940, 0.0860, 0.1022, 0.1682,
         0.1259],
        [0.0858, 0.0974, 0.1104, 0.1078, 0.0931, 0.0933, 0.1007, 0.0903, 0.1126,
         0.1086],
        [0.0929, 0.0883, 0.0858, 0.1123, 0.1130, 0.0982, 0.0915, 0.0985, 0.1207,
         0.0987],
        [0.0789, 0.0840, 0.1134, 0.0813, 0.0995, 0.1069, 0.0830, 0.0955, 0.1334,
         0.1241],
        [0.0655, 0.1199, 0.0957, 0.0853, 0.0771, 0.0714, 0.0760, 0.1096, 0.1525,
         0.1470],
        [0.0998, 0.1021, 0.1021, 0.1060, 0.1098, 0.0897, 0.0929, 0.1096, 0.1063,
         0.0818],
        [0.1010, 0.0963, 0.1081, 0.1109, 0.0749, 0.1188, 0.0886, 0.1048, 0.1115,
         0.0851],
        [0.1099, 0.0819, 0.0950, 0.0911, 0.0824, 0.0976, 0.1037, 0.1192, 0.1064,
         0.1127]], device='cuda:0', grad_fn=<SoftmaxBackward>)
2021-06-04 20:01:06,369 tensor([[0.0537, 0.0516, 0.2205, 0.1318, 0.2791, 0.2633],
        [0.2770, 0.1789, 0.1679, 0.1210, 0.1594, 0.0958],
        [0.0997, 0.0826, 0.2148, 0.1199, 0.2462, 0.2367],
        [0.1994, 0.1506, 0.1784, 0.1310, 0.1843, 0.1563],
        [0.1657, 0.1956, 0.1475, 0.1607, 0.1767, 0.1538],
        [0.1214, 0.1403, 0.1792, 0.1446, 0.2228, 0.1916],
        [0.1737, 0.1940, 0.1765, 0.1650, 0.1551, 0.1357],
        [0.1690, 0.1232, 0.1824, 0.1988, 0.1596, 0.1671],
        [0.1558, 0.1422, 0.1684, 0.1458, 0.1916, 0.1962],
        [0.1160, 0.1252, 0.1697, 0.1654, 0.1945, 0.2292],
        [0.1660, 0.1865, 0.1387, 0.1695, 0.1931, 0.1462],
        [0.1747, 0.1576, 0.1637, 0.1814, 0.1537, 0.1689],
        [0.1792, 0.1613, 0.1705, 0.2049, 0.1234, 0.1607],
        [0.2001, 0.1302, 0.1557, 0.1391, 0.2095, 0.1653]], device='cuda:0',
       grad_fn=<SoftmaxBackward>)
2021-06-04 20:01:07,818 TRAIN Step: 120 Objs: 7.582446e-01 R1: 73.958328 R5: 96.354164
2021-06-04 20:02:42,395 Train_acc 74.763997
2021-06-04 20:02:42,396 Epoch time: 1254s
2021-06-04 20:02:42,396 Epoch: 6 lr: 3.101453e-02
2021-06-04 20:02:50,712 REINFORCE [step 0]		Mean Reward 0.2396	Baseline 0.2389
2021-06-04 20:02:50,712 [0.161 0.182 0.161 0.302 0.292 0.125 0.312 0.286 0.24  0.333]
2021-06-04 20:02:50,713 tensor([[0.0758, 0.0874, 0.1248, 0.1168, 0.0927, 0.1025, 0.0842, 0.1064, 0.1190,
         0.0905],
        [0.0865, 0.0933, 0.0843, 0.1003, 0.0993, 0.0776, 0.0713, 0.1200, 0.1398,
         0.1277],
        [0.0946, 0.0894, 0.0979, 0.1221, 0.1060, 0.0832, 0.0887, 0.0784, 0.1419,
         0.0978],
        [0.0623, 0.0818, 0.0846, 0.0874, 0.0866, 0.1166, 0.0893, 0.1066, 0.1687,
         0.1161],
        [0.1244, 0.0858, 0.1019, 0.1047, 0.0958, 0.0958, 0.0972, 0.1027, 0.0868,
         0.1047],
        [0.0814, 0.0737, 0.1146, 0.1154, 0.0869, 0.0926, 0.0764, 0.0993, 0.1314,
         0.1281],
        [0.0663, 0.0907, 0.0835, 0.0816, 0.0953, 0.0885, 0.0831, 0.1146, 0.1724,
         0.1241],
        [0.0887, 0.0949, 0.1075, 0.1101, 0.0897, 0.0901, 0.1067, 0.0931, 0.1132,
         0.1060],
        [0.0961, 0.0886, 0.0853, 0.1162, 0.1119, 0.0986, 0.0930, 0.0978, 0.1166,
         0.0959],
        [0.0787, 0.0823, 0.1170, 0.0845, 0.0941, 0.1007, 0.0840, 0.0981, 0.1323,
         0.1283],
        [0.0612, 0.1180, 0.0915, 0.0850, 0.0770, 0.0692, 0.0735, 0.1177, 0.1536,
         0.1532],
        [0.0996, 0.1040, 0.1042, 0.1093, 0.1085, 0.0884, 0.0876, 0.1115, 0.1057,
         0.0811],
        [0.1015, 0.0956, 0.1061, 0.1120, 0.0766, 0.1155, 0.0884, 0.1008, 0.1118,
         0.0916],
        [0.1193, 0.0844, 0.0971, 0.0910, 0.0800, 0.0939, 0.1040, 0.1189, 0.1016,
         0.1097]], device='cuda:0', grad_fn=<SoftmaxBackward>)
2021-06-04 20:02:50,723 tensor([[0.0474, 0.0451, 0.2341, 0.1193, 0.2877, 0.2664],
        [0.2933, 0.1712, 0.1596, 0.1165, 0.1598, 0.0996],
        [0.0904, 0.0807, 0.2093, 0.1113, 0.2519, 0.2564],
        [0.2057, 0.1513, 0.1713, 0.1330, 0.1907, 0.1481],
        [0.1574, 0.2009, 0.1497, 0.1579, 0.1792, 0.1549],
        [0.1172, 0.1348, 0.1948, 0.1410, 0.2214, 0.1908],
        [0.1778, 0.1981, 0.1896, 0.1569, 0.1413, 0.1363],
        [0.1667, 0.1290, 0.1809, 0.2030, 0.1583, 0.1620],
        [0.1564, 0.1463, 0.1683, 0.1429, 0.1899, 0.1963],
        [0.1136, 0.1229, 0.1795, 0.1603, 0.1922, 0.2314],
        [0.1751, 0.1795, 0.1351, 0.1712, 0.1925, 0.1465],
        [0.1755, 0.1586, 0.1706, 0.1761, 0.1553, 0.1640],
        [0.1758, 0.1596, 0.1698, 0.2120, 0.1260, 0.1567],
        [0.2013, 0.1279, 0.1584, 0.1326, 0.2174, 0.1624]], device='cuda:0',
       grad_fn=<SoftmaxBackward>)
2021-06-04 20:02:52,117 TRAIN Step: 000 Objs: 7.333241e-01 R1: 78.645828 R5: 97.916664
2021-06-04 20:06:02,336 REINFORCE [step 20]		Mean Reward 0.2229	Baseline 0.2226
2021-06-04 20:06:02,337 [0.24  0.229 0.24  0.307 0.198 0.229 0.255 0.172 0.151 0.208]
2021-06-04 20:06:02,338 tensor([[0.0750, 0.0874, 0.1192, 0.1157, 0.0975, 0.1006, 0.0866, 0.1063, 0.1197,
         0.0920],
        [0.0772, 0.0889, 0.0862, 0.0967, 0.0947, 0.0727, 0.0718, 0.1204, 0.1464,
         0.1449],
        [0.0901, 0.0913, 0.0999, 0.1310, 0.1001, 0.0800, 0.0844, 0.0780, 0.1495,
         0.0957],
        [0.0572, 0.0787, 0.0822, 0.0770, 0.0773, 0.1121, 0.0892, 0.1104, 0.1876,
         0.1282],
        [0.1288, 0.0833, 0.0973, 0.1142, 0.0949, 0.0921, 0.0931, 0.1072, 0.0878,
         0.1013],
        [0.0818, 0.0700, 0.1125, 0.1166, 0.0844, 0.0925, 0.0714, 0.0982, 0.1353,
         0.1373],
        [0.0604, 0.1034, 0.0749, 0.0755, 0.0922, 0.0887, 0.0874, 0.1088, 0.1771,
         0.1316],
        [0.0887, 0.0878, 0.1076, 0.1152, 0.0850, 0.0793, 0.1057, 0.1109, 0.1182,
         0.1016],
        [0.0991, 0.0849, 0.0869, 0.1156, 0.1006, 0.1070, 0.0862, 0.1072, 0.1144,
         0.0981],
        [0.0770, 0.0728, 0.1237, 0.0873, 0.0796, 0.1005, 0.0839, 0.1029, 0.1368,
         0.1355],
        [0.0543, 0.1200, 0.0909, 0.0810, 0.0741, 0.0701, 0.0687, 0.1296, 0.1567,
         0.1548],
        [0.0999, 0.1039, 0.0998, 0.1092, 0.1211, 0.0810, 0.0897, 0.1107, 0.1035,
         0.0813],
        [0.0988, 0.0938, 0.1071, 0.1107, 0.0760, 0.1202, 0.0902, 0.0941, 0.1190,
         0.0903],
        [0.1282, 0.0792, 0.1000, 0.0869, 0.0727, 0.0958, 0.1017, 0.1216, 0.1045,
         0.1096]], device='cuda:0', grad_fn=<SoftmaxBackward>)
2021-06-04 20:06:02,348 tensor([[0.0375, 0.0351, 0.2260, 0.1017, 0.3268, 0.2728],
        [0.3264, 0.1797, 0.1554, 0.1127, 0.1385, 0.0873],
        [0.0759, 0.0682, 0.2179, 0.1148, 0.2747, 0.2486],
        [0.2212, 0.1603, 0.1637, 0.1328, 0.1768, 0.1452],
        [0.1712, 0.1815, 0.1564, 0.1773, 0.1725, 0.1412],
        [0.1167, 0.1164, 0.2064, 0.1286, 0.2296, 0.2023],
        [0.1792, 0.2159, 0.1777, 0.1553, 0.1347, 0.1371],
        [0.1637, 0.1287, 0.1931, 0.2074, 0.1495, 0.1575],
        [0.1627, 0.1470, 0.1692, 0.1537, 0.1692, 0.1981],
        [0.1070, 0.1108, 0.1805, 0.1679, 0.2066, 0.2271],
        [0.1873, 0.1812, 0.1385, 0.1638, 0.1924, 0.1369],
        [0.1893, 0.1559, 0.1685, 0.1690, 0.1610, 0.1562],
        [0.1750, 0.1587, 0.1767, 0.2060, 0.1312, 0.1525],
        [0.1887, 0.1189, 0.1617, 0.1356, 0.2259, 0.1692]], device='cuda:0',
       grad_fn=<SoftmaxBackward>)
2021-06-04 20:06:03,833 TRAIN Step: 020 Objs: 6.991901e-01 R1: 74.479164 R5: 99.479164
2021-06-04 20:09:11,944 REINFORCE [step 40]		Mean Reward 0.2401	Baseline 0.2390
2021-06-04 20:09:11,945 [0.219 0.333 0.245 0.271 0.172 0.266 0.188 0.214 0.188 0.307]
2021-06-04 20:09:11,946 tensor([[0.0730, 0.0895, 0.1245, 0.1177, 0.0965, 0.1000, 0.0816, 0.0998, 0.1260,
         0.0914],
        [0.0775, 0.0941, 0.0845, 0.0909, 0.0911, 0.0779, 0.0672, 0.1296, 0.1472,
         0.1400],
        [0.0891, 0.0881, 0.0998, 0.1320, 0.0994, 0.0780, 0.0883, 0.0816, 0.1545,
         0.0891],
        [0.0526, 0.0732, 0.0806, 0.0763, 0.0707, 0.1185, 0.0886, 0.1188, 0.1901,
         0.1305],
        [0.1211, 0.0817, 0.0934, 0.1234, 0.0975, 0.0966, 0.0914, 0.1091, 0.0873,
         0.0984],
        [0.0827, 0.0620, 0.1137, 0.1217, 0.0806, 0.0923, 0.0728, 0.0957, 0.1380,
         0.1405],
        [0.0593, 0.0988, 0.0759, 0.0781, 0.0923, 0.0867, 0.0849, 0.1082, 0.1801,
         0.1358],
        [0.0888, 0.0876, 0.1073, 0.1147, 0.0853, 0.0802, 0.1103, 0.1084, 0.1174,
         0.0999],
        [0.0948, 0.0812, 0.0850, 0.1056, 0.0977, 0.1131, 0.0865, 0.1078, 0.1248,
         0.1035],
        [0.0819, 0.0732, 0.1307, 0.0930, 0.0727, 0.0967, 0.0806, 0.0991, 0.1415,
         0.1307],
        [0.0515, 0.1195, 0.0859, 0.0758, 0.0655, 0.0719, 0.0684, 0.1342, 0.1693,
         0.1579],
        [0.1004, 0.0982, 0.0986, 0.1060, 0.1156, 0.0808, 0.0963, 0.1161, 0.1086,
         0.0794],
        [0.1001, 0.0868, 0.1075, 0.1189, 0.0746, 0.1120, 0.1017, 0.0919, 0.1182,
         0.0882],
        [0.1360, 0.0774, 0.1042, 0.0841, 0.0693, 0.0996, 0.0952, 0.1269, 0.1006,
         0.1066]], device='cuda:0', grad_fn=<SoftmaxBackward>)
2021-06-04 20:09:11,955 tensor([[0.0302, 0.0267, 0.2176, 0.0919, 0.3429, 0.2907],
        [0.3489, 0.1703, 0.1510, 0.1065, 0.1353, 0.0879],
        [0.0647, 0.0643, 0.2291, 0.1082, 0.2824, 0.2512],
        [0.2240, 0.1724, 0.1622, 0.1311, 0.1672, 0.1431],
        [0.1690, 0.1862, 0.1501, 0.1785, 0.1774, 0.1390],
        [0.1204, 0.1106, 0.1915, 0.1257, 0.2567, 0.1950],
        [0.1845, 0.2234, 0.1768, 0.1571, 0.1263, 0.1320],
        [0.1707, 0.1260, 0.1857, 0.2120, 0.1517, 0.1539],
        [0.1486, 0.1526, 0.1664, 0.1464, 0.1749, 0.2111],
        [0.1071, 0.1022, 0.1713, 0.1587, 0.2099, 0.2508],
        [0.2062, 0.1763, 0.1348, 0.1728, 0.1782, 0.1317],
        [0.1838, 0.1411, 0.1755, 0.1752, 0.1663, 0.1582],
        [0.1723, 0.1514, 0.1756, 0.2217, 0.1343, 0.1446],
        [0.1733, 0.1269, 0.1567, 0.1341, 0.2413, 0.1677]], device='cuda:0',
       grad_fn=<SoftmaxBackward>)
2021-06-04 20:09:13,426 TRAIN Step: 040 Objs: 5.977433e-01 R1: 76.562500 R5: 98.437500
2021-06-04 20:12:22,957 REINFORCE [step 60]		Mean Reward 0.1719	Baseline 0.1733
2021-06-04 20:12:22,958 [0.26  0.146 0.198 0.208 0.177 0.161 0.104 0.135 0.177 0.151]
2021-06-04 20:12:22,959 tensor([[0.0748, 0.0860, 0.1258, 0.1135, 0.0925, 0.1110, 0.0767, 0.0987, 0.1291,
         0.0919],
        [0.0748, 0.0881, 0.0838, 0.0943, 0.0919, 0.0770, 0.0607, 0.1387, 0.1489,
         0.1416],
        [0.0832, 0.0902, 0.0988, 0.1352, 0.0987, 0.0746, 0.0840, 0.0805, 0.1633,
         0.0916],
        [0.0448, 0.0758, 0.0820, 0.0739, 0.0693, 0.1194, 0.0830, 0.1209, 0.1950,
         0.1359],
        [0.1246, 0.0786, 0.0939, 0.1147, 0.0948, 0.0934, 0.0922, 0.1114, 0.0941,
         0.1022],
        [0.0801, 0.0607, 0.1153, 0.1265, 0.0739, 0.0907, 0.0682, 0.0927, 0.1436,
         0.1483],
        [0.0566, 0.1024, 0.0733, 0.0729, 0.0846, 0.0813, 0.0818, 0.1150, 0.1961,
         0.1359],
        [0.0900, 0.0872, 0.1090, 0.1190, 0.0814, 0.0827, 0.1089, 0.1029, 0.1235,
         0.0952],
        [0.0952, 0.0800, 0.0876, 0.1024, 0.0991, 0.1241, 0.0843, 0.1016, 0.1245,
         0.1012],
        [0.0788, 0.0736, 0.1361, 0.0916, 0.0701, 0.1032, 0.0805, 0.0937, 0.1481,
         0.1242],
        [0.0502, 0.1235, 0.0907, 0.0721, 0.0618, 0.0675, 0.0635, 0.1337, 0.1699,
         0.1671],
        [0.1007, 0.0997, 0.1046, 0.1087, 0.1109, 0.0833, 0.0955, 0.1063, 0.1177,
         0.0726],
        [0.0990, 0.0845, 0.1049, 0.1236, 0.0700, 0.1198, 0.1036, 0.0846, 0.1206,
         0.0894],
        [0.1394, 0.0774, 0.1017, 0.0837, 0.0678, 0.1031, 0.0907, 0.1308, 0.0974,
         0.1080]], device='cuda:0', grad_fn=<SoftmaxBackward>)
2021-06-04 20:12:22,969 tensor([[0.0233, 0.0232, 0.2281, 0.0862, 0.3512, 0.2880],
        [0.3815, 0.1639, 0.1444, 0.0975, 0.1270, 0.0856],
        [0.0570, 0.0600, 0.2166, 0.1048, 0.2972, 0.2644],
        [0.2296, 0.1893, 0.1618, 0.1247, 0.1552, 0.1395],
        [0.1572, 0.1874, 0.1528, 0.1876, 0.1794, 0.1356],
        [0.1183, 0.1058, 0.1981, 0.1256, 0.2418, 0.2104],
        [0.2009, 0.2289, 0.1658, 0.1503, 0.1278, 0.1263],
        [0.1831, 0.1250, 0.1779, 0.2134, 0.1436, 0.1569],
        [0.1412, 0.1431, 0.1753, 0.1510, 0.1728, 0.2166],
        [0.1063, 0.0985, 0.1714, 0.1628, 0.2166, 0.2444],
        [0.2155, 0.1768, 0.1402, 0.1673, 0.1710, 0.1292],
        [0.1817, 0.1485, 0.1690, 0.1859, 0.1545, 0.1603],
        [0.1792, 0.1517, 0.1775, 0.2123, 0.1341, 0.1451],
        [0.1818, 0.1205, 0.1597, 0.1343, 0.2395, 0.1641]], device='cuda:0',
       grad_fn=<SoftmaxBackward>)
2021-06-04 20:12:24,560 TRAIN Step: 060 Objs: 7.088892e-01 R1: 71.875000 R5: 98.437500
2021-06-04 20:15:32,010 REINFORCE [step 80]		Mean Reward 0.1974	Baseline 0.1993
2021-06-04 20:15:32,011 [0.141 0.229 0.188 0.318 0.161 0.198 0.214 0.188 0.156 0.182]
2021-06-04 20:15:32,012 tensor([[0.0742, 0.0846, 0.1186, 0.1083, 0.0963, 0.1102, 0.0775, 0.1008, 0.1396,
         0.0898],
        [0.0693, 0.0861, 0.0779, 0.0915, 0.0890, 0.0800, 0.0597, 0.1469, 0.1537,
         0.1458],
        [0.0839, 0.0863, 0.0964, 0.1340, 0.1010, 0.0756, 0.0836, 0.0842, 0.1603,
         0.0948],
        [0.0471, 0.0751, 0.0780, 0.0687, 0.0646, 0.1229, 0.0830, 0.1157, 0.2096,
         0.1353],
        [0.1229, 0.0811, 0.0922, 0.1115, 0.0918, 0.0926, 0.0895, 0.1115, 0.0899,
         0.1171],
        [0.0762, 0.0598, 0.1192, 0.1166, 0.0723, 0.0923, 0.0643, 0.0907, 0.1409,
         0.1677],
        [0.0556, 0.0960, 0.0741, 0.0652, 0.0823, 0.0791, 0.0783, 0.1092, 0.2271,
         0.1332],
        [0.0900, 0.0868, 0.1169, 0.1098, 0.0826, 0.0785, 0.1088, 0.1040, 0.1223,
         0.1003],
        [0.0962, 0.0768, 0.0858, 0.1038, 0.0933, 0.1330, 0.0795, 0.1090, 0.1180,
         0.1046],
        [0.0791, 0.0761, 0.1301, 0.0887, 0.0761, 0.0971, 0.0786, 0.0928, 0.1495,
         0.1319],
        [0.0493, 0.1264, 0.0946, 0.0727, 0.0604, 0.0692, 0.0621, 0.1284, 0.1675,
         0.1695],
        [0.1039, 0.1042, 0.1036, 0.1080, 0.1035, 0.0798, 0.0867, 0.1166, 0.1245,
         0.0692],
        [0.0983, 0.0805, 0.1031, 0.1267, 0.0680, 0.1224, 0.1017, 0.0820, 0.1314,
         0.0860],
        [0.1301, 0.0777, 0.1018, 0.0825, 0.0655, 0.1013, 0.0929, 0.1321, 0.0993,
         0.1169]], device='cuda:0', grad_fn=<SoftmaxBackward>)
2021-06-04 20:15:32,022 tensor([[0.0190, 0.0189, 0.2158, 0.0827, 0.3554, 0.3081],
        [0.3981, 0.1631, 0.1454, 0.0924, 0.1179, 0.0831],
        [0.0518, 0.0533, 0.2163, 0.0978, 0.3124, 0.2684],
        [0.2362, 0.1829, 0.1561, 0.1257, 0.1572, 0.1418],
        [0.1500, 0.1896, 0.1513, 0.1917, 0.1714, 0.1460],
        [0.1152, 0.0924, 0.2127, 0.1200, 0.2419, 0.2178],
        [0.2073, 0.2301, 0.1523, 0.1510, 0.1347, 0.1245],
        [0.1814, 0.1231, 0.1874, 0.2051, 0.1411, 0.1619],
        [0.1428, 0.1471, 0.1825, 0.1489, 0.1805, 0.1982],
        [0.1055, 0.0895, 0.1723, 0.1539, 0.2201, 0.2587],
        [0.2277, 0.1684, 0.1312, 0.1727, 0.1760, 0.1242],
        [0.1740, 0.1437, 0.1704, 0.1896, 0.1662, 0.1560],
        [0.1729, 0.1589, 0.1683, 0.2116, 0.1292, 0.1592],
        [0.1787, 0.1268, 0.1648, 0.1250, 0.2338, 0.1709]], device='cuda:0',
       grad_fn=<SoftmaxBackward>)
2021-06-04 20:15:33,398 TRAIN Step: 080 Objs: 7.063792e-01 R1: 74.479164 R5: 97.916664
2021-06-04 20:18:40,849 REINFORCE [step 100]		Mean Reward 0.1880	Baseline 0.1894
2021-06-04 20:18:40,850 [0.224 0.104 0.151 0.266 0.182 0.255 0.177 0.094 0.214 0.214]
2021-06-04 20:18:40,851 tensor([[0.0707, 0.0822, 0.1239, 0.1074, 0.0981, 0.1023, 0.0648, 0.0995, 0.1661,
         0.0849],
        [0.0669, 0.0830, 0.0804, 0.0919, 0.0890, 0.0740, 0.0599, 0.1444, 0.1580,
         0.1524],
        [0.0845, 0.0779, 0.0924, 0.1282, 0.1027, 0.0746, 0.0913, 0.0916, 0.1525,
         0.1045],
        [0.0459, 0.0698, 0.0724, 0.0640, 0.0629, 0.1255, 0.0802, 0.1154, 0.2212,
         0.1426],
        [0.1164, 0.0835, 0.0938, 0.1177, 0.0896, 0.0893, 0.0902, 0.1091, 0.0936,
         0.1168],
        [0.0799, 0.0604, 0.1136, 0.1182, 0.0701, 0.0934, 0.0620, 0.0901, 0.1408,
         0.1714],
        [0.0511, 0.0978, 0.0698, 0.0598, 0.0768, 0.0773, 0.0719, 0.1140, 0.2457,
         0.1358],
        [0.0939, 0.0779, 0.1180, 0.1128, 0.0804, 0.0772, 0.1143, 0.0952, 0.1262,
         0.1042],
        [0.0963, 0.0776, 0.0823, 0.1112, 0.0894, 0.1267, 0.0795, 0.1160, 0.1156,
         0.1054],
        [0.0716, 0.0774, 0.1286, 0.0879, 0.0800, 0.0983, 0.0742, 0.0923, 0.1531,
         0.1367],
        [0.0480, 0.1213, 0.0894, 0.0711, 0.0573, 0.0685, 0.0603, 0.1358, 0.1696,
         0.1786],
        [0.1050, 0.0928, 0.1036, 0.1117, 0.0993, 0.0791, 0.0885, 0.1240, 0.1294,
         0.0667],
        [0.0981, 0.0832, 0.1060, 0.1307, 0.0694, 0.1175, 0.1053, 0.0738, 0.1319,
         0.0841],
        [0.1282, 0.0781, 0.0993, 0.0838, 0.0651, 0.1008, 0.0946, 0.1318, 0.1024,
         0.1159]], device='cuda:0', grad_fn=<SoftmaxBackward>)
2021-06-04 20:18:40,860 tensor([[0.0141, 0.0154, 0.2186, 0.0748, 0.3457, 0.3314],
        [0.4340, 0.1678, 0.1294, 0.0848, 0.1129, 0.0712],
        [0.0472, 0.0501, 0.2211, 0.0955, 0.2973, 0.2888],
        [0.2472, 0.1780, 0.1610, 0.1161, 0.1659, 0.1319],
        [0.1536, 0.2094, 0.1388, 0.1837, 0.1732, 0.1413],
        [0.1061, 0.0856, 0.2161, 0.1219, 0.2412, 0.2291],
        [0.2072, 0.2433, 0.1546, 0.1424, 0.1329, 0.1196],
        [0.1919, 0.1163, 0.1788, 0.2104, 0.1450, 0.1576],
        [0.1370, 0.1453, 0.1884, 0.1607, 0.1763, 0.1922],
        [0.1021, 0.0816, 0.1718, 0.1467, 0.2521, 0.2456],
        [0.2238, 0.1716, 0.1349, 0.1922, 0.1619, 0.1157],
        [0.1868, 0.1433, 0.1730, 0.1793, 0.1652, 0.1525],
        [0.1616, 0.1647, 0.1846, 0.2096, 0.1243, 0.1552],
        [0.1828, 0.1126, 0.1593, 0.1404, 0.2326, 0.1723]], device='cuda:0',
       grad_fn=<SoftmaxBackward>)
2021-06-04 20:18:42,288 TRAIN Step: 100 Objs: 6.576762e-01 R1: 76.562500 R5: 98.958328
2021-06-04 20:21:50,718 REINFORCE [step 120]		Mean Reward 0.1839	Baseline 0.1842
2021-06-04 20:21:50,719 [0.208 0.167 0.177 0.188 0.276 0.13  0.245 0.172 0.135 0.141]
2021-06-04 20:21:50,720 tensor([[0.0687, 0.0766, 0.1241, 0.1028, 0.1038, 0.1000, 0.0671, 0.0985, 0.1758,
         0.0826],
        [0.0700, 0.0799, 0.0747, 0.0919, 0.0895, 0.0687, 0.0562, 0.1540, 0.1555,
         0.1597],
        [0.0816, 0.0785, 0.0864, 0.1250, 0.1015, 0.0733, 0.0969, 0.0886, 0.1634,
         0.1049],
        [0.0410, 0.0704, 0.0739, 0.0648, 0.0601, 0.1172, 0.0802, 0.1233, 0.2304,
         0.1387],
        [0.1160, 0.0886, 0.0922, 0.1212, 0.0885, 0.0856, 0.0865, 0.1095, 0.0923,
         0.1196],
        [0.0793, 0.0588, 0.1101, 0.1149, 0.0708, 0.0903, 0.0629, 0.0853, 0.1428,
         0.1849],
        [0.0484, 0.0959, 0.0651, 0.0578, 0.0763, 0.0763, 0.0687, 0.1141, 0.2627,
         0.1348],
        [0.0904, 0.0762, 0.1145, 0.1142, 0.0818, 0.0782, 0.1119, 0.0960, 0.1265,
         0.1102],
        [0.0941, 0.0739, 0.0854, 0.1126, 0.0810, 0.1267, 0.0813, 0.1252, 0.1135,
         0.1063],
        [0.0700, 0.0770, 0.1278, 0.0930, 0.0831, 0.0989, 0.0709, 0.0922, 0.1536,
         0.1336],
        [0.0412, 0.1153, 0.0862, 0.0685, 0.0554, 0.0669, 0.0589, 0.1449, 0.1779,
         0.1848],
        [0.1041, 0.0987, 0.1021, 0.1103, 0.0998, 0.0756, 0.0928, 0.1183, 0.1255,
         0.0727],
        [0.1051, 0.0816, 0.1032, 0.1282, 0.0681, 0.1196, 0.1025, 0.0750, 0.1281,
         0.0886],
        [0.1198, 0.0850, 0.0948, 0.0865, 0.0684, 0.1000, 0.1019, 0.1312, 0.0931,
         0.1192]], device='cuda:0', grad_fn=<SoftmaxBackward>)
2021-06-04 20:21:50,733 tensor([[0.0120, 0.0126, 0.2084, 0.0645, 0.3534, 0.3491],
        [0.4782, 0.1545, 0.1243, 0.0769, 0.1049, 0.0613],
